function dx = GRN(t,x)
    W = [0.5 2 0.1 0.1;
         -2 0.5 0.1 0.1;
         0.1 0.1 1.815 2;
         0.1 0.1 -2 1.815 ];
    mu = 10;
    v = 1;
    th = [1.2; -0.7; 1.8; -0.2];
    dx = 1./(1 + exp(-mu*(W*x - th))) - v*x;
end